9 2
-2.19008 -1.41813 
0.517548 0.833483 
7.31222 -5.54973 
0.141598 1.21077 
-1.20855 -0.855682 
0.56515 -0.979293 
0.595025 0.0367883 
12.1733 -7.71372 
1.34981 1.15106 
2
-0.039961 -0.809317 
16 4
0.286251 0.409328 -0.392403 0.854027 
0.0598837 1.27522 1.91349 -0.146893 
-0.0675181 0.484604 0.301604 -0.00156142 
1.05343 0.547132 1.46943 0.669078 
-2.4295 0.746745 0.81795 -0.987468 
-0.841075 1.0591 -2.26855 1.91448 
0.168492 1.21477 -0.292572 1.30034 
0.201837 0.254592 0.174967 -0.455729 
1.38358 2.27596 1.79396 0.396698 
1.55841 0.306352 0.444276 -0.224114 
0.468511 0.162424 -0.489213 -1.12532 
-0.534256 0.516681 -0.509129 -0.00669925 
1.09544 -0.429075 -1.16755 -0.225581 
-3.55395 -6.04834 5.19687 4.47716 
1.14568 2.68588 -2.09053 1.66377 
1.20827 -0.7191 -0.094617 -0.166824 
4
0.752911 0.481944 0.411015 -0.200843 
7 2
-0.68149 -1.28992 
-1.96762 -0.859716 
0.00242256 0.807349 
1.60345 1.08541 
0.708622 -0.132987 
-0.188563 -0.873277 
-0.392635 -0.824186 
2
1.32155 0.10458 
15 4
0.132249 -0.554285 -1.54737 0.137861 
-1.15694 1.1776 -0.155226 1.42789 
0.272937 0.0031366 -1.02436 0.390993 
1.19024 1.54128 0.355862 -0.0315855 
-0.838021 0.455245 -0.505813 1.55468 
-1.52847 -0.0757816 0.208488 0.223731 
-1.5513 -1.35036 -0.407327 -0.836114 
-0.664308 0.858399 -1.95342 -0.835084 
-3.14516 4.0907 -1.98061 2.89408 
1.09051 1.28598 -0.778704 -0.411049 
0.654584 1.15447 0.060404 -0.721196 
0.89784 0.475105 -1.03876 0.56582 
0.744206 0.77701 -0.174284 -0.561423 
-0.11342 1.19476 0.578383 0.780327 
-1.14222 0.385354 1.72143 0.41353 
4
-0.875188 -0.787477 0.516944 -0.775909 
6 2
-0.391947 0.0863159 
0.305765 -0.488288 
-0.200206 -0.62778 
-0.985817 0.370965 
0.0491664 -0.232409 
0.402736 0.221432 
2
-0.543678 -1.91416 
5 2
0.333759 0.978842 
2.06479 -0.91311 
0.546335 0.464989 
0.632693 0.598852 
-0.108798 0.775508 
2
3.12503 0.0583986 
42 8
0.914671 -0.632216 0.502602 0.1161 -0.775403 1.23663 1.41261 -0.0871143 
0.033562 0.624036 -0.18334 -0.0766231 -0.308379 -0.489827 1.27751 1.73442 
-0.560116 0.586543 -0.151686 0.672823 0.194356 -0.203703 -2.14691 -0.497859 
-1.12172 -1.49808 -0.960662 -0.849655 -1.49698 0.872452 -1.09926 0.0988495 
-0.0942775 -0.897012 -0.161265 -0.552359 0.0235071 -0.279054 -1.32017 -1.50174 
-0.847515 -1.03564 -0.183381 -0.287793 -0.418075 -0.564481 -1.84982 -0.542951 
0.405635 0.429657 -1.29248 0.185063 0.305454 0.314473 -0.585568 -0.679849 
0.787267 0.527697 1.5479 0.789448 -1.45206 -0.216047 -0.132122 0.430162 
0.419241 1.0917 -1.79051 -0.247302 0.894488 -1.60804 1.04547 0.246152 
1.54893 0.0541786 -0.0487262 -0.778848 -1.79993 -0.305214 0.191624 -1.66947 
-0.189841 -0.00557786 0.160972 0.420652 1.68421 -0.406658 -0.48091 0.97299 
1.82634 0.966663 -0.110767 -0.775636 -1.88702 -0.416082 -1.28009 -0.684225 
-2.06315 -0.557653 -0.687985 0.33831 0.842227 -0.654148 -1.38161 -0.492764 
-0.0771089 0.600584 1.47913 0.240686 -1.28047 -0.466948 -1.20392 0.540799 
0.488448 -2.15132 -0.106301 1.7423 -0.417315 -0.326092 -1.36014 0.982378 
0.0698953 -0.14898 -0.568007 -0.337396 1.1418 -0.860184 -0.0274066 2.07364 
0.0202293 0.0545051 -1.20083 -1.9479 -0.422123 -0.839444 -2.31087 -0.466271 
0.819116 0.0542615 -0.355921 -0.62605 -0.597539 -0.700636 0.539185 0.157522 
-0.241493 0.748935 -1.38609 0.677994 -0.987554 -0.72029 1.85329 -0.490537 
-0.0611224 1.55008 -0.309717 1.16875 0.8919 -0.0678508 1.25554 2.72754 
-0.022701 0.282672 -0.895296 -0.727415 0.559221 -1.54825 -0.154063 -0.129841 
-0.390486 1.3168 0.051819 1.4112 -1.1663 -0.500197 2.20123 0.292347 
-0.428343 -0.392911 -0.0108974 -1.03953 0.488076 -3.72208 0.954758 0.629312 
-0.529752 -1.06283 1.21772 0.0675652 -0.257814 -0.275749 1.29946 1.56779 
-0.616954 -0.415391 -0.61604 0.0126962 0.283325 0.378986 -0.241964 0.916223 
-0.493548 -0.584152 0.107451 0.579519 -0.159325 0.00700217 0.0219917 -0.0795293 
-0.706175 -0.914867 -0.230729 -0.411228 1.35338 -0.923274 -1.63644 0.350381 
0.993061 -1.14035 -1.61652 1.48587 -2.62458 -0.864537 -0.404971 3.15843 
1.12085 0.526256 0.528226 0.0277296 -1.61228 0.163022 1.01114 1.56252 
-1.80907 1.08595 0.580415 1.81393 0.289795 0.0118116 0.218985 1.64953 
0.929168 2.90934 0.50989 0.772435 -0.475869 -0.0349464 -1.31153 1.86791 
0.119418 -0.335993 1.17522 1.76099 -0.0249218 -0.0678565 -0.648536 -2.06209 
-1.02991 -0.437007 -0.766841 -1.08302 -1.43266 -0.969963 0.0236136 0.0423741 
0.652026 0.314921 -0.202009 0.458734 -0.477103 0.195043 -0.979115 -1.62674 
1.913 0.311005 -1.17279 0.511027 2.44694 0.660919 -0.0217458 1.26569 
1.02133 -1.24002 1.88767 2.21295 -0.611739 0.599623 2.46393 -1.16901 
0.141023 0.816405 -0.413072 0.793 -1.47799 -0.708315 0.417711 -1.35379 
0.165477 0.632533 0.303758 1.06294 -0.67782 -0.21111 0.587089 0.195689 
-1.02496 -1.2948 -0.47275 -1.5903 1.68085 -1.84163 -1.42975 0.608275 
0.216347 0.380982 -0.397889 0.449923 0.169032 0.0158419 0.368926 1.53554 
-0.728798 -0.300373 -0.365693 0.0111028 0.582652 0.11036 0.312921 0.812394 
0.0170499 1.28114 -1.44906 -0.517533 -0.147358 0.090135 -1.84549 0.041612 
8
1.37319 -0.554551 0.146979 -0.906767 0.315328 1.39684 -0.306053 0.53834 
35 2
-2.22246 3.94013 
-1.65014 0.000784554 
0.2151 1.08253 
-14.6332 15.7013 
-1.15493 -0.083275 
-1.33689 3.56392 
-0.341443 -0.696561 
-0.252689 -0.124592 
-1.26901 -0.443013 
-0.905031 -0.0944934 
0.314617 -0.515383 
0.631628 -0.853578 
0.382023 -1.2491 
-0.871715 0.705902 
-0.202361 0.454498 
0.126319 -0.138882 
-0.107466 0.209803 
0.829523 0.601624 
-0.455032 1.09546 
-0.708687 0.235841 
-0.6229 -1.4362 
0.370766 -0.734792 
-0.216448 -1.08316 
-0.484544 0.988406 
-1.65127 -0.311533 
1.07264 -0.708151 
0.121489 1.14346 
-0.155424 0.698533 
-0.236036 0.694107 
0.636853 -0.335018 
3.35415 -0.702525 
1.62632 -0.193541 
-7.05228 7.13656 
-2.44687 1.23705 
0.958306 -1.44124 
2
-0.234252 0.445253 
